IBM_model_1_EM: 
0.6647780925401322 0.5788479697828139 0.5712936732766761 0.5646836638338055 0.562795089707271 0.56657223796034 0.5684608120868744 0.5722379603399433 0.5731822474032106 0.5750708215297451 

IBM_model_1_Bayesian: 
0.6647780925401322 0.6912181303116147 0.6808309726156752 0.6685552407932012 0.6694995278564684 0.663833805476865 0.6591123701605288 0.6581680830972616 0.6581680830972616 0.6581680830972616 

IBM_model_2_EM_uniform: 
0.4929178470254958 0.4164305949008499 0.40226628895184136 0.3994334277620396 0.392823418319169 0.39565627950897075 0.40132200188857414 0.41359773371104813 0.4230406043437205 0.43248347497639283 

IBM_model_2_EM_random: 
0.821529745042493 0.7573182247403211 0.6666666666666667 0.6175637393767706 0.5967894239848914 0.5892351274787535 0.5901794145420207 0.5845136921624174 0.5769593956562795 0.5741265344664779 

IBM_model_2_EM_pretrained: 
0.42870632672332387 0.4183191690273843 0.4117091595845137 0.41359773371104813 0.4126534466477809 0.4107648725212465 0.41359773371104813 0.41359773371104813 0.4126534466477809 0.4183191690273843 

