IBM_model_1_EM: 
0.36449480642115206 0.33238904627006605 0.3305004721435316 0.33144475920679883 0.336166194523135 0.3371104815864022 0.336166194523135 0.336166194523135 0.3352219074598678 0.3352219074598678 0.33333333333333337 0.3352219074598678 

IBM_model_1_Bayesian: 
0.3682719546742209 0.36921624173748824 0.3616619452313503 0.3607176581680831 0.35694050991501414 0.3616619452313503 0.3597733711048159 0.3597733711048159 0.3607176581680831 0.3597733711048159 0.35788479697828135 0.35788479697828135 

IBM_model_2_EM_uniform: 
0.30122757318224735 0.25590179414542025 0.24173748819641172 0.24173748819641172 0.2407932011331445 0.24457034938621336 0.2464589235127479 0.24834749763928232 0.2521246458923513 0.2530689329556185 0.2549575070821529 0.2549575070821529 

IBM_model_2_EM_random: 
0.7006610009442871 0.5014164305949009 0.43437204910292726 0.40321057601510857 0.3871576959395656 0.38338054768649665 0.37771482530689326 0.3786591123701605 0.3786591123701605 0.3796033994334278 0.38338054768649665 0.38338054768649665 

IBM_model_2_EM_pretrained: 
0.2521246458923513 0.25118035882908407 0.2521246458923513 0.2540132200188857 0.2549575070821529 0.2587346553352219 0.2587346553352219 0.2587346553352219 0.25590179414542025 0.25590179414542025 0.2540132200188857 0.2540132200188857 

